1.953007000578865558e-07 3.552049893512750919e-17
1.998512273631540043e-07 3.093577102356391175e-17
2.045076785309565055e-07 2.694288863471460144e-17
2.092727255145832678e-07 2.346529899582074430e-17
2.141488494135170666e-07 2.043654188536987166e-17
2.191385313272406777e-07 1.779874612793251252e-17
2.242444432090433093e-07 1.550142971939578558e-17
2.294692570122141431e-07 1.350065521811426842e-17
2.348160263976550669e-07 1.175805543801043802e-17
2.402872324648488830e-07 1.024041946832599315e-17
2.458859288746975057e-07 8.918665363464710313e-18
2.516149784342964698e-07 7.767530944536024802e-18
2.574776256583540958e-07 6.764955937419543176e-18
2.634769242077722980e-07 5.891778974326198247e-18
2.696159277434528850e-07 5.131315247372632182e-18
2.758978807801042301e-07 4.469014760776118828e-18
2.823264095400473599e-07 3.892180365921709480e-18
2.889045676841841360e-07 3.389811512037851043e-18
2.956359814348356379e-07 2.952284934084115583e-18
3.025242770143228393e-07 2.571228271832552853e-18
3.095730806449667669e-07 2.239354782973819944e-18
3.167862094028948004e-07 1.950313599636567698e-18
3.241672895104279135e-07 1.698583610347527159e-18
3.317203288974999979e-07 1.479345310131379290e-18
3.394495263478511925e-07 1.288400418673017031e-18
3.473586989376086653e-07 1.122103817446957474e-18
3.554520454505127669e-07 9.772732872152222860e-19
3.637341463779162366e-07 8.511335556807341078e-19
3.722092005035592662e-07 7.412753318878359809e-19
3.808815974649882948e-07 6.455981143828469431e-19
3.897561086073626265e-07 5.622696358913185168e-19
3.988375052758415124e-07 4.896956998754803688e-19
4.081303679617777977e-07 4.264899443613432540e-19
4.176398497179433868e-07 3.714417357944305151e-19
4.273709127433039368e-07 3.234987066877085043e-19
4.373287100906314582e-07 2.817438226948279715e-19
4.475183948126978024e-07 2.453787888398345491e-19
4.579455016698878976e-07 2.137074250640036045e-19
4.686157562763926547e-07 1.861234551193207045e-19
4.795345025387904901e-07 1.621001058281131958e-19
4.907076569250788264e-07 1.411774993625218824e-19
5.021411359032551393e-07 1.229554333702643456e-19
5.138410467951231518e-07 1.070852866788982869e-19
5.258134969224869043e-07 9.326361114381086087e-20
5.380649753147628261e-07 8.122585799587231141e-20
5.506017801475610459e-07 7.074194917117100984e-20
5.634307821579110168e-07 6.161114954641945137e-20
5.765588520828418742e-07 5.365879485146099725e-20
5.899926698055766648e-07 4.673294331165253182e-20
6.037394877707574421e-07 4.070102904542032931e-20
6.178065584230261533e-07 3.544768268389249446e-20
6.322015159146375581e-07 3.087235748382250750e-20
6.469318035440402216e-07 2.688760007268114746e-20
6.620052463172953094e-07 2.341717629777369429e-20
6.774300509480763756e-07 2.039465808026380392e-20
6.932140424424449034e-07 1.776229732773143925e-20
7.093660000754938768e-07 1.546967191259339446e-20
7.258941305608969558e-07 1.347298052732012895e-20
7.428075948813601482e-07 1.173398302035115840e-20
7.601149814581699262e-07 1.021945643054539822e-20
7.778256421278382801e-07 8.900411757358000526e-21
7.959489287268775181e-07 7.751620632065526069e-21
8.144945747994124424e-07 6.751101595910290919e-21
8.334723138895678558e-07 5.879722757162112193e-21
8.528922612490812667e-07 5.120813708996293775e-21
8.727645321296903958e-07 4.459863783642943155e-21
8.931000051983582699e-07 3.884218825146998194e-21
9.139091774144351040e-07 3.382876375002659071e-21
9.352033091524969490e-07 2.946241023654553826e-21
9.569934699333128143e-07 2.565965215722912662e-21
9.792914926928781807e-07 2.234770120771475295e-21
1.002109019513380852e-06 1.946323660158434043e-21
1.025458074184622822e-06 1.695108817994852104e-21
1.049351062204017835e-06 1.476319490984571949e-21
1.073800961630398751e-06 1.285768032502719755e-21
1.098820941376405574e-06 1.119809016362542927e-21
1.124423025231839238e-06 9.752755191487525920e-22
1.150621908939789939e-06 8.493956968241538091e-22
1.177431906535736118e-06 7.397607505042719701e-22
1.204865996078510209e-06 6.442787468632965859e-22
1.232939064165009556e-06 5.611213968113783099e-22
1.261666951661162365e-06 4.886955321114574816e-22
1.291063972602446443e-06 4.256183992113692938e-22
1.321145967854791057e-06 3.706827634535293474e-22
1.351928014868898579e-06 3.228390540255523016e-22
1.383428053902568211e-06 2.811695414679158382e-22
1.415661925821728374e-06 2.448785326235278511e-22
1.448646998322758736e-06 2.132715359788052472e-22
1.482400066540620063e-06 1.857445490345053626e-22
1.516940025002142425e-06 1.617701895914393700e-22
1.552285004818931750e-06 1.408901153658374223e-22
1.588452946248785970e-06 1.227053581055480143e-22
1.625464079795180526e-06 1.068675289108150322e-22
1.663336918277333311e-06 9.307414533097057286e-23
1.702093028175363867e-06 8.106083457944072117e-23
1.741752067431328734e-06 7.059813821632598813e-23
1.782335029963928130e-06 6.148591615251140829e-23
1.823862909691862909e-06 5.354994460286729139e-23
1.866358990779509737e-06 4.663817719917291498e-23
1.909845412268408117e-06 4.061850063781267594e-23
1.954344885761515390e-06 3.537581731827890592e-23
1.999880695423209072e-06 3.080986236238422269e-23
2.046477652248317077e-06 2.683322304042790981e-23
2.094160567231667745e-06 2.336983431102262789e-23
2.142956159906151568e-06 2.035337476874278379e-23
2.192885424190470884e-06 1.772642601166594823e-23
2.243980805231707308e-06 1.543841506968426553e-23
2.296265205486625753e-06 1.344578038216645841e-23
2.349767253026181409e-06 1.171035287654291529e-23
2.404517484459393738e-06 1.019887444430590253e-23
2.460542619319153656e-06 8.882503473418537061e-24
2.517873194214481473e-06 7.736036457366750446e-24
2.576539745754394956e-06 6.737542131983219787e-24
2.636572810547914412e-06 5.867930203093856838e-24
2.698004833742121883e-06 5.110557072425465980e-24
2.760868260484100677e-06 4.450938119517702652e-24
2.825197444458996261e-06 3.876447981732854332e-24
2.891024830813893214e-06 3.376113508305193703e-24
2.958384773233936578e-06 2.940365081911774557e-24
3.027315442480400786e-06 2.560851799486792473e-24
3.097853100776495575e-06 2.230318780712551379e-24
3.170032101807368951e-06 1.942456580910508880e-24
3.243894433410420079e-06 1.691743413267792344e-24
3.319476357808861238e-06 1.473393834007990467e-24
3.396819862840091593e-06 1.283225143324548357e-24
3.475966936341513698e-06 1.117598594182903252e-24
3.556955749074401561e-06 9.733536970376078549e-25
3.639834014490347590e-06 8.477227830357758907e-25
3.724641811888688794e-06 7.383090758092626938e-25
3.811424946182954154e-06 6.430179764910879749e-25
3.900231130824736077e-06 5.600250230033924886e-25
3.991108079265626120e-06 4.877427478733499981e-25
4.084099687881090262e-06 4.247917831230058927e-25
4.179259395736912032e-06 3.699649814829148105e-25
4.276636824822747261e-06 3.222143990216794806e-25
4.376281597128251779e-06 2.806275630549072686e-25
4.478249060257272116e-06 2.444079109169233782e-25
4.582592653275593496e-06 2.128629930923925719e-25
4.689367723787060753e-06 1.853894707201681948e-25
4.798629619395522958e-06 1.614621315134672741e-25
4.910437504780954340e-06 1.406229965567705639e-25
5.024850544623329125e-06 1.224735081235214283e-25
5.141929812140685389e-06 1.066664717808524474e-25
5.261736380551060362e-06 9.289967656645943163e-26
5.384335140148622357e-06 8.090964893379752986e-26
5.509789072689470759e-06 7.046724306301543144e-26
5.638168794081963733e-06 6.137241070758625447e-26
5.769537286082203205e-06 5.345156598667063655e-26
5.903967073136607802e-06 4.655300476147297481e-26
6.041530679691600386e-06 4.054474177766088217e-26
6.182298721655535735e-06 3.531197039259257471e-26
6.326345632012898867e-06 3.075459747584409214e-26
6.473749660824302495e-06 2.678539607904346950e-26
6.624587149612290403e-06 2.332849894219132608e-26
6.778940165513605543e-06 2.031774075711569110e-26
6.936888867126921938e-06 1.769557264048484805e-26
7.098519138665106002e-06 1.541180993470437808e-26
7.263914955802958608e-06 1.342280156668069379e-26
7.433164111291410866e-06 1.169050271015057390e-26
7.606356306419457736e-06 1.018178058725937287e-26
7.783585059552218486e-06 8.867766940097396007e-27
7.964941980516750231e-06 7.723348504717126204e-27
8.150526313292366326e-06 6.726619186685499037e-27
8.340433484782252429e-06 5.858533333354492266e-27
8.534764647503782358e-06 5.102484502805330857e-27
8.733624771050459319e-06 4.444006193030169407e-27
8.937118825015788215e-06 3.870508166998293991e-27
9.145353687531334409e-06 3.371025475315737289e-27
9.358440053804792654e-06 2.936004704040980001e-27
9.576492436119983707e-06 2.557123758726220255e-27
9.799623438222667866e-06 2.227141972036002406e-27
1.002796093216310944e-05 1.939736506475034024e-27
1.026160988753481672e-05 1.689431264319048280e-27
1.050070008492611617e-05 1.471430318362290317e-27
1.074537084761565858e-05 1.281554918674399237e-27
1.099572905373501269e-05 1.116191522710532471e-27
1.125194074609571811e-05 9.721568147693748246e-28
1.151411089429127974e-05 8.467152804827576721e-28
1.178238073013840712e-05 7.374648584924388893e-28
1.205691057083445677e-05 6.423092048808493755e-28
1.233783973965807102e-05 5.594320735821843542e-28
1.262530946842596958e-05 4.872509296118499771e-28
1.291948007433550050e-05 4.243835031007103430e-28
1.322050996604594967e-05 3.696276424065534054e-28
1.352854037537403342e-05 3.219394532255533049e-28
1.384376024758805243e-05 2.804031259676311563e-28
1.416632035719504400e-05 2.442269763749002642e-28
1.449639056408267369e-05 2.127192450501102867e-28
1.483415981351924900e-05 1.852763007385066984e-28
1.517979987393049934e-05 1.613742885217888210e-28
1.553348060520409711e-05 1.405570191626222980e-28
1.589541003798898146e-05 1.224252653451524056e-28
1.626578093462959266e-05 1.066325846756876516e-28
1.664477078916584661e-05 9.287788846253156240e-29
1.703258954078475310e-05 8.089782811722060286e-29
1.742945094574944288e-05 7.046320650467679237e-29
1.783555921763273588e-05 6.137479306591681522e-29
1.825113002123582837e-05 5.345887908888671307e-29
1.867638092989798218e-05 4.656422048868665779e-29
1.911154669380102865e-05 4.057354974832328518e-29
1.955684679482229516e-05 3.529206532412307994e-29
2.001251025752942320e-05 3.080097435392114112e-29
2.047880427725132449e-05 2.681658959167669097e-29
2.095595787855566088e-05 2.336077370555734693e-29
2.144423825677133053e-05 2.033682950702706917e-29
2.194387443646598511e-05 1.771658778831855613e-29
2.245517178372981670e-05 1.544436059882695752e-29
2.297837840851110530e-05 1.343654904299407298e-29
2.351378059151939772e-05 1.170622255788330994e-29
2.406164552808362262e-05 1.020714605359997204e-29
2.462227858429396189e-05 8.886333784378653498e-30
2.519598512624061440e-05 7.740491499827684809e-30
2.578305143463312696e-05 6.743191036804002523e-30
2.638380196094233351e-05 5.871888538442991762e-30
2.699854207125841935e-05 5.117665270281145170e-30
2.762759621705221844e-05 4.456675570709570882e-30
2.827132702055582813e-05 3.882715387783100165e-30
2.893005893324007900e-05 3.381936694783878041e-30
2.960411640657580499e-05 2.947352402351007935e-30
3.029390023355637028e-05 2.566861244061840768e-30
3.099973486565260882e-05 2.236995188267194720e-30
3.172204018123853683e-05 1.948892386459034934e-30
3.246115971716561320e-05 1.697346247466970257e-30
3.321751335180785075e-05 1.479297257743814403e-30
3.399148279277799213e-05 1.288732155994599114e-30
3.478346883306941505e-05 1.122939251409434011e-30
3.559392952181740256e-05 9.783918792337802465e-31
3.642326565201533238e-05 8.524652952827748917e-31
3.727193527279848754e-05 7.428931127004423746e-31
3.814035826254088087e-05 6.473541026463262445e-31
3.902903084113908594e-05 5.640824853001999255e-31
3.993841105772837221e-05 4.915288988751631956e-31
4.086897604682467137e-05 4.283310070712281931e-31
4.182122202832454341e-05 3.732787466011564361e-31
4.279566430750519023e-05 3.253071007358042467e-31
4.379279910426315826e-05 2.835196257260885931e-31
4.481317989463693313e-05 2.470997623880121809e-31
4.585732198390370996e-05 2.153706719479205128e-31
4.692579793348259590e-05 1.877169782046132269e-31
4.801916121941205627e-05 1.636194782268493328e-31
4.913800348849184688e-05 1.426153910442512292e-31
5.028293547290234512e-05 1.243217880070996852e-31
5.145452973406265814e-05 1.083810030847252221e-31
5.265341608953379843e-05 9.448289833619892225e-32
5.388024344225744743e-05 8.237337405537766506e-32
5.513564160979459052e-05 7.182064854276120788e-32
5.642029766584818611e-05 6.262270799649175568e-32
5.773489868412114519e-05 5.460465787401114718e-32
5.908011265293577078e-05 4.761870775818370612e-32
6.045668390213690624e-05 4.152722220197655036e-32
6.186533767618874633e-05 3.621847855553190855e-32
6.330679921955549257e-05 3.158997274833604160e-32
6.478183194746265055e-05 2.755530873191556742e-32
6.629125653127757695e-05 2.403823451929978649e-32
6.783583638622575705e-05 2.097128827682416582e-32
6.941641126905521650e-05 1.829776428957936254e-32
7.103382093651399451e-05 1.596635429323856363e-32
7.268890514535010321e-05 1.393321862616851882e-32
7.438256090845349387e-05 1.216041097128698770e-32
7.611566615333343526e-05 1.061432518995693388e-32
7.788917514902181784e-05 9.265849733787937785e-33
7.970398490840853868e-05 8.089652426857147889e-33
8.156108787128674490e-05 7.063674654938468224e-33
8.346145739206890107e-05 6.168639633084014906e-33
8.540612408130943806e-05 5.387809575193741701e-33
8.739608037880142166e-05 4.706493013581617854e-33
8.943241415124120837e-05 4.111993369606704994e-33
9.151617509456380314e-05 3.593203394975031773e-33
9.364850833160742033e-05 3.140402177231456468e-33
9.583052081444901765e-05 2.745176155476850622e-33
9.806337675130745132e-05 2.400154035167758095e-33
1.003482021796403074e-04 2.098944200564951019e-33
1.026864094176146779e-04 1.835902695525584239e-33
1.050789909050237238e-04 1.606216675225198338e-33
1.075273017038926520e-04 1.405598197696965326e-33
1.100326968762467105e-04 1.230349730216780752e-33
1.125963978864466270e-04 1.077246121176804310e-33
1.152198933941821018e-04 9.434552397877674481e-34
1.179045957176202676e-04 8.265230506742529297e-34
1.206517072357412646e-04 7.243154417362451484e-34
1.234629074620411304e-04 6.349533115885728880e-34
1.263396087146869979e-04 5.568086503123996451e-34
1.292832996533685268e-04 4.884607250313577963e-34
1.322956025354399105e-04 4.286656309149640671e-34
1.353781014474939775e-04 3.763422010848899018e-34
1.385323995615042657e-04 3.305453139197595480e-34
1.417601954763474006e-04 2.904505531228278155e-34
1.450632068762807716e-04 2.553378310360567041e-34
1.484432087017035714e-04 2.245797148620929269e-34
1.519018995514925341e-04 1.976283501567762970e-34
1.554413024759951291e-04 1.740040963280931647e-34
1.590630015618042662e-04 1.532909089627490978e-34
1.627691916276931511e-04 1.351222224532612085e-34
1.665617048702029430e-04 1.191803615023709998e-34
1.704426025104424495e-04 1.051867955041767778e-34
1.744139075987591943e-04 9.289836959124780622e-35
1.784777958685457278e-04 8.210269989999748125e-35
1.826363094555302834e-04 7.261447295053568780e-35
1.868917004346279788e-04 6.427121314417171211e-35
1.912463926491797224e-04 5.693103555540444962e-35
1.957022564664879301e-04 5.047059065591714157e-35
2.002621356082674958e-04 4.478073144219976247e-35
2.049283203201948754e-04 3.976692199937696796e-35
2.097031008479464432e-04 3.534643011705893278e-35
2.145891491448114114e-04 3.144651008200804228e-35
2.195891371640789919e-04 2.800358986483824929e-35
2.247055460052319780e-04 2.496223760787002174e-35
2.299412384753658377e-04 2.227362933299524641e-35
2.352988865277698372e-04 1.989520625309769864e-35
2.407813529695394719e-04 1.778956967994380301e-35
2.463915006077702368e-04 1.592400901021209214e-35
2.521323831033641543e-04 1.426977349803994117e-35
2.580070541172230572e-04 1.280171428950693414e-35
2.640187581640552239e-04 1.149770951338973134e-35
2.701703580509562039e-04 1.033844520071126971e-35
2.764652891464407214e-04 9.306880399524618051e-36
2.829069868190232841e-04 8.388051978283224780e-36
2.894986955834123331e-04 7.568870288718167824e-36
2.962440416619288217e-04 6.837767924579376247e-36
3.031464604230873117e-04 6.184620010134387716e-36
3.102097689430153107e-04 5.600481147642607694e-36
3.174377842978401637e-04 5.077493584233606211e-36
3.248339418560765410e-04 4.608757943950001179e-36
3.324026312552709082e-04 4.188154915627060146e-36
3.401476695715506646e-04 3.810317877515681223e-36
3.480730647348496010e-04 3.470510240824162499e-36
3.561832063827142375e-04 3.164537880463928259e-36
3.644822932988845939e-04 2.888705830810545167e-36
3.729747151209072444e-04 2.639748348671700040e-36
3.816650523401350463e-04 2.414774594427750647e-36
3.905576945941144655e-04 2.211231301191849146e-36
3.996577949356175342e-04 2.026845284047352048e-36
4.089697430021907183e-04 1.859615934883969441e-36
4.184986918466059957e-04 1.707759564871229015e-36
4.282497945216353990e-04 1.569693580712269073e-36
4.382280132262444060e-04 1.444016994974279411e-36
4.484386918670114409e-04 1.329479790934017840e-36
4.588873652043212650e-04 1.224968644267429614e-36
4.695793771447521396e-04 1.129495241253547551e-36
4.805206441563015553e-04 1.042174709139925674e-36
4.917167009993542734e-04 9.622212784928462002e-37
5.031738458495202968e-04 8.889277945449223864e-37
5.148976134671846578e-04 8.216680346585490823e-37
5.268948745893763715e-04 7.598748341377725271e-37
5.391715456840930369e-04 7.030457446218552172e-37
5.517341157807511024e-04 6.507272506645548944e-37
5.645896464701864086e-04 6.025109744540643584e-37
5.777444359280091207e-04 5.580334413281732543e-37
5.912059274526674287e-04 5.169636927626156552e-37
6.049809917811907814e-04 4.790063969383975746e-37
6.190770722120276940e-04 4.438938128665775753e-37
6.335016120436264648e-04 4.113844733281036655e-37
6.482622454282418924e-04 3.812606203586069116e-37
6.633666065181286669e-04 3.533253145586380935e-37
6.788230928807672615e-04 3.273991507560635557e-37
6.946397203760249330e-04 3.033205980582048817e-37
7.108248865713821547e-04 2.809427338307052515e-37
7.273869890343190748e-04 2.601326150326513544e-37
7.443351887475414081e-04 2.407684275222764910e-37
7.616782649861421946e-04 2.227402230477674412e-37
7.794251878790208659e-04 2.059478868361711796e-37
7.975858818241084863e-04 1.902996045745753261e-37
8.161696986579172709e-04 1.757124094776409192e-37
8.351863719245720009e-04 1.621104086769964990e-37
8.546462077296167409e-04 1.494242164458114350e-37
8.745595121785953389e-04 1.375906786512821697e-37
8.949367822308580342e-04 1.265521217849238241e-37
9.157887056995616748e-04 1.162559108961176918e-37
9.371265429592820669e-04 1.066538009117772637e-37
9.589617452384012995e-04 9.770175045550671869e-38
9.813055729114951789e-04 8.935963985334084004e-38
1.004170049768364969e-03 8.159048966038048506e-38
1.027567008745005651e-03 7.436060112662609901e-38
1.051509046192637339e-03 6.763884396714824933e-38
1.076010094439125431e-03 6.139628744255608519e-38
1.101081032151432840e-03 5.560703062861279696e-38
1.126735982511230813e-03 5.024630566014636999e-38
1.152989068700190599e-03 4.529110753845359354e-38
1.179853077923339244e-03 4.072016194079098557e-38
1.207344041900411478e-03 3.651285567447812676e-38
1.235474938690240849e-03 3.265010923753220593e-38
1.264261990866368153e-03 2.911319062698370046e-38
1.293718939902852505e-03 2.588437103630389131e-38
1.323862962642266767e-03 2.294601493629132606e-38
1.354708945681508186e-03 2.028115728244235926e-38
1.386272920740311493e-03 1.787302997417643805e-38
1.418573018930281834e-03 1.570497330845408306e-38
1.451626035386379939e-03 1.376070310122112362e-38
1.485448956097372387e-03 1.202416222295561389e-38
1.520059912174864542e-03 1.047952823109932004e-38
1.555477034730461334e-03 9.111317556596165782e-39
1.591719981706218607e-03 7.904417568239382214e-39
1.628807075067548443e-03 6.844262179736268358e-39
1.666757972756506253e-03 5.916822862359121128e-39
1.705594050399405733e-03 5.108695047380233079e-39
1.745334011669271096e-03 4.407274921307033461e-39
1.785999995607641389e-03 3.800679640335990697e-39
1.827613950402248505e-03 3.277884391299895350e-39
1.870198015094631707e-03 2.828738185624003592e-39
1.913773183603491908e-03 2.443976604285924635e-39
1.958364266923656553e-03 2.115178856734827557e-39
2.003993594950471187e-03 1.834802693920826543e-39
2.050687887216828039e-03 1.596102904836167600e-39
2.098468137641426503e-03 1.393145662958247952e-39
2.147362974295222941e-03 1.220687548174573645e-39
2.197395299634981747e-03 1.074179915441926232e-39
2.248595650269721250e-03 9.496624850435534285e-40
2.300986928656206711e-03 8.437466249151219052e-40
2.354599671403456891e-03 7.535143177579972583e-40
2.409462506582426850e-03 6.764902136395246287e-40
2.465604062264072516e-03 6.105752378749613388e-40
2.523051057981285251e-03 5.540022843825186398e-40
2.581839755957275346e-03 5.052780155849826460e-40
2.641994967186871331e-03 4.631627527604305672e-40
2.703554862431345896e-03 4.266120265722942328e-40
2.766546161223592572e-03 3.947631402812332133e-40
2.831007034324883181e-03 3.668940381742611239e-40
2.896969926882302353e-03 3.424067111177157774e-40
2.964469192580995813e-03 3.208039912576829331e-40
3.033541093644172987e-03 3.016728645793955803e-40
3.104223800833109167e-03 2.846689571157834392e-40
3.176551667832950079e-03 2.695058387289733708e-40
3.250564773943033416e-03 2.559432880915478853e-40
3.326303198462697303e-03 2.437792849072629982e-40
3.403807020691278565e-03 2.328438540458902256e-40
3.483114411390050760e-03 2.229931730011242454e-40
3.564271175472543979e-03 2.141034928280817271e-40
3.647319300776158749e-03 2.060695118827874896e-40
3.732300775138296025e-03 1.988006604594918417e-40
3.819263312010548733e-03 1.922171218990063248e-40
3.908252716306444795e-03 1.862503153663621279e-40
3.999314792939513870e-03 1.808395648398479626e-40
4.092499163899411714e-03 1.759311263549001979e-40
4.187855451175793650e-03 1.714777382326366098e-40
4.285431368220252168e-03 1.674368505642197801e-40
4.385282262636636293e-03 1.637709081750271572e-40
4.487459664952663310e-03 1.604457780093374740e-40
4.592017014234117678e-03 1.574310293880347774e-40
4.699011566622911251e-03 1.546991522138301844e-40
4.808498669722889585e-03 1.522253849365779094e-40
4.920535579675963667e-03 1.499870990702547360e-40
5.035185278238236452e-03 1.479643133702523326e-40
5.152505021551618061e-03 1.461381717921243454e-40
5.272557791372210582e-03 1.444922532928984407e-40
5.395408477994179802e-03 1.430113764856398938e-40
5.521121971711691508e-03 1.416820745950967875e-40
5.649763162818909751e-03 1.404913826763681084e-40
5.781402667224193152e-03 1.394284137357584431e-40
5.916109192297834898e-03 1.384829730698227956e-40
6.053955262486252972e-03 1.376456076371191564e-40
6.195011493697806862e-03 1.369082334693160827e-40
6.339356135993106517e-03 1.362629458813056494e-40
6.487063622356637090e-03 1.357032603432224524e-40
6.638212202849007662e-03 1.352228631116355880e-40
6.792882036068896220e-03 1.348162299674528154e-40
6.951155189153040981e-03 1.344785737127834488e-40
7.113117546314307559e-03 1.342053229735185599e-40
7.278853083227497869e-03 1.339924754075080797e-40
7.448451501181606663e-03 1.338367208679934965e-40
7.622000592927563253e-03 1.337349623119098188e-40
7.799591968292426090e-03 1.336842665267828255e-40
7.981322962717442987e-03 1.336824943432327045e-40
8.167287094567734357e-03 1.337274479660679300e-40
8.357585516360677147e-03 1.338174859734655157e-40
8.552317472075583737e-03 1.339512391934377518e-40
8.751586022767890438e-03 1.341275831561286600e-40
8.955498046569169632e-03 1.343453345480900407e-40
9.164160421610981558e-03 1.346041073763978887e-40
9.377685751639089698e-03 1.349034325706732943e-40
9.596186640399250595e-03 1.352430407271176881e-40
9.819777600175284490e-03 1.356230488833266934e-40
1.004858077740326990e-02 1.360434589720979406e-40
1.028271068436702532e-02 1.365050558099253583e-40
1.052230091873101493e-02 1.370080944071449582e-40
1.076746980985518118e-02 1.375537197185617000e-40
1.101834904686592280e-02 1.381429498989455232e-40
1.127507986157995357e-02 1.387768765775826247e-40
1.153779012604753962e-02 1.394570930160578359e-40
1.180661916354733103e-02 1.401853852242776792e-40
1.208171011443410527e-02 1.409635284610128670e-40
1.236320993613876547e-02 1.417937198246128691e-40
1.265128085439672957e-02 1.426783788472581013e-40
1.294605074125825851e-02 1.436202874447831465e-40
1.324770090783940896e-02 1.446221361280950024e-40
1.355635922619044878e-02 1.456872385892827457e-40
1.387222990988418690e-02 1.468191967555872664e-40
1.419545037366121663e-02 1.480219614196228315e-40
1.452620956278984077e-02 1.492997157106801284e-40
1.486466970300547204e-02 1.506569165368385906e-40
1.521101019688609994e-02 1.520990689534222997e-40
1.556542953239034750e-02 1.536312927370841649e-40
1.592811092917232815e-02 1.552598667037854348e-40
1.629922997273390572e-02 1.569912816651121573e-40
1.667900041933821284e-02 1.588329467917170348e-40
1.706762075694387079e-02 1.607926058548034007e-40
1.746530092473788653e-02 1.628790964706971057e-40
1.787223941067888830e-02 1.651019007603484061e-40
1.828865951372032200e-02 1.674712219793862563e-40
1.871479025842983854e-02 1.699987107877270179e-40
1.915084349253250162e-02 1.726973480900538072e-40
1.959705969182434088e-02 1.755804497607601527e-40
2.005367742356331529e-02 1.786637782891944379e-40
2.052092571231707227e-02 1.819643055310854960e-40
2.099905266803388584e-02 1.855009486959209489e-40
2.148832548604268089e-02 1.892945710755612965e-40
2.198901136167236842e-02 1.933683709431298211e-40
2.250135840487123284e-02 1.977484523954636637e-40
2.302563381096818518e-02 2.024637975641645936e-40
2.356214294605342430e-02 2.075468915166146807e-40
2.411113392007522768e-02 2.130341958338116931e-40
2.467293118450442427e-02 2.189667267352370001e-40
2.524780193466992506e-02 2.253906785335700538e-40
2.583607062204256594e-02 2.323584140180833336e-40
2.643806169809317236e-02 2.399290612052243145e-40
2.705406144353129927e-02 2.481698362752039828e-40
2.768443248058904960e-02 2.571576200894532991e-40
2.832946108997597134e-02 2.669800580432264699e-40
2.898954806468544837e-02 2.777377093140361681e-40
2.966499877080766567e-02 2.895457600249105716e-40
3.035619491595536665e-02 3.025373641272230992e-40
3.106349912236065075e-02 3.168663309433255182e-40
3.178727401225561744e-02 3.327107101327750458e-40
3.252792037863365404e-02 3.502778619905173929e-40
3.328581992910748660e-02 3.698089128040670074e-40
3.406137345667049204e-02 3.915855240773942694e-40
3.485501992507733515e-02 4.159380670167151756e-40
3.566714104194073504e-02 4.432525498767422551e-40
3.649817577101534954e-02 4.739819577424216704e-40
3.734858216143646659e-02 5.086586830756890742e-40
3.821879917695874401e-02 5.479039932834296612e-40
3.910930395209808591e-02 5.924436998914770747e-40
4.002055453598980100e-02 6.431194359112886363e-40
4.095302806314978644e-02 7.008959453551852654e-40
4.190723983885526888e-02 7.668595427757268488e-40
4.288366699762215239e-02 8.422051556192623173e-40
4.388286301548890989e-02 9.281855930854742889e-40
4.490534319773275412e-02 1.026018743496749297e-39
4.595162284963087013e-02 1.136714894755996150e-39
4.702229361798299784e-02 1.260792694870880279e-39
4.811792806420826102e-02 1.397853193110664938e-39
4.923906057896448862e-02 1.545998456471314208e-39
5.038634006519332464e-02 1.701157171465657550e-39
5.156033908431389284e-02 1.856486012662970912e-39
5.276168745388721409e-02 2.002242212263733751e-39
5.399105316223556245e-02 2.126508882137589550e-39
5.524902785615870560e-02 2.217134205399008009e-39
5.653633678012082858e-02 2.264568548113914462e-39
5.785362883706359621e-02 2.264576351881472404e-39
5.920162927145122128e-02 2.219464569067633866e-39
6.058102515698662177e-02 2.137246274719414363e-39
6.199256082351464053e-02 2.029189068615021088e-39
6.343698060088012736e-02 1.907003594463873503e-39
6.491506698968918521e-02 1.780814654874423929e-39
6.642758340516730087e-02 1.658200607780094139e-39
6.797535051868183742e-02 1.544159783372202994e-39
6.955916991621959033e-02 1.441564072820351393e-39
7.117990043990919669e-02 1.351751165113671702e-39
7.283840093187932130e-02 1.275090340292764233e-39
7.453553023425862900e-02 1.211407102838766556e-39
7.627220444531769561e-02 1.160292276199926882e-39
7.804935874870772006e-02 1.121309413732057858e-39
7.986790924269929204e-02 1.094136647765794814e-39
8.172882928170488448e-02 1.078656610130134055e-39
8.363311130551760730e-02 1.075035871917537630e-39
8.558176683931126294e-02 1.083789774668882566e-39
8.757580740825955667e-02 1.105857573986211404e-39
8.961632087905882504e-02 1.142695269006076127e-39
9.170439511840537683e-02 1.196385528703055051e-39
9.384109890761485606e-02 1.269773224368453146e-39
9.602759645490616114e-02 1.366616523901095972e-39
9.826505196849809332e-02 1.491711750890181981e-39
1.005545914858482631e-01 1.650903976655208824e-39
1.028976082397431435e-01 1.850785268317911488e-39
1.052950946699758861e-01 2.097675933214931106e-39
1.077484058385717036e-01 2.395209564498429617e-39
1.102589922344589940e-01 2.739765199701254490e-39
1.128279989804759770e-01 3.113578554907800267e-39
1.154568956509317290e-01 3.478371435492504552e-39
1.181469991370901473e-01 3.776998918464416359e-39
1.208998935255441165e-01 3.951589242075771328e-39
1.237168002806544459e-01 3.973077718247821635e-39
1.265993989159171218e-01 3.858508250155418851e-39
1.295491971764024808e-01 3.659319058514699102e-39
1.325677028071808872e-01 3.433872337409460390e-39
1.356564998948451284e-01 3.227852149992301307e-39
1.388173061236525896e-01 3.069966698063352302e-39
1.420518010070993264e-01 2.976743338921503882e-39
1.453616068025394559e-01 2.959285671024935909e-39
1.487484984503722185e-01 3.029034265214226971e-39
1.522143081471387382e-01 3.202309261457555100e-39
1.557609062601414684e-01 3.504220287328169122e-39
1.593902013274440810e-01 3.971773590836758650e-39
1.631038919479232963e-01 4.653543359399050292e-39
1.669043065380168001e-01 5.596261593807413911e-39
1.707931055258400110e-01 6.795485072086199474e-39
1.747725982424499780e-01 8.088160774539908743e-39
1.788448077381942503e-01 9.066663983204280434e-39
1.830118906610848084e-01 9.286099078942418501e-39
1.872760990860367625e-01 8.726434724862482405e-39
1.916395514903008468e-01 7.806546863122167422e-39
1.960673597980727434e-01 6.950560552076609018e-39
2.005974657460586341e-01 6.353879545328779550e-39
2.052323504337414117e-01 6.081847166445411189e-39
2.099743041067974603e-01 6.164338282982434103e-39
2.148256170109032470e-01 6.654886518802137532e-39
2.197891519531542381e-01 7.658255329582212054e-39
2.248673900330332986e-01 9.318054679315159554e-39
2.300630032038296080e-01 1.166971185218304944e-38
2.353784725650258924e-01 1.418462170057759653e-38
2.408168517775241824e-01 1.544709084065365185e-38
2.463810036484199162e-01 1.456755336189936439e-38
2.520736001310023289e-01 1.258317205469681923e-38
2.578976948861733121e-01 1.085547733921793281e-38
2.638563415748347851e-01 9.930156773644825020e-39
2.699527847116949819e-01 9.931932981708536580e-39
2.761900779576559328e-01 1.100722847866738033e-38
2.825712749736193907e-01 1.349981979228148909e-38
2.891001928357128659e-01 1.776927338054730532e-38
2.957796943510318521e-01 2.280236260580960143e-38
3.026137874495101188e-01 2.449100697168547318e-38
3.096055257920495296e-01 2.130328080725563645e-38
3.167591081623902793e-01 1.738367063397430395e-38
3.240777790752406573e-01 1.525691661928253435e-38
3.315655464605343772e-01 1.532522173909983010e-38
3.392262273943988382e-01 1.793622247852943493e-38
3.470640206605741795e-01 2.388071266897821639e-38
3.550829341889942259e-01 3.200194683353777773e-38
3.632871667633988944e-01 3.400754141866260360e-38
3.716807263137221762e-01 2.770442985732641731e-38
3.802683841851231539e-01 2.215720209555553915e-38
3.854080771906532310e-01 2.076276470346922470e-38
3.906170501278953822e-01 2.084009571169453538e-38
3.958964481196878826e-01 2.252398328776448238e-38
4.012470345812562122e-01 2.615131592182877538e-38
4.066701454892448497e-01 3.210722317685332068e-38
4.121665442588794415e-01 3.993685913798564571e-38
4.177371851591918372e-01 4.645767430273920499e-38
4.233830224592137204e-01 4.676393706134405841e-38
4.291053921355897360e-01 4.112710308936665464e-38
4.349048667497390497e-01 3.449560408374661421e-38
4.407827822783062510e-01 2.989811533590889736e-38
4.467402838441295043e-01 2.795978869850970169e-38
4.527781348624342894e-01 2.872951357856257010e-38
4.588976713098652516e-01 3.254704530139946515e-38
4.650998474554541295e-01 4.009135228717875469e-38
4.713859992758455686e-01 5.106583549664573249e-38
4.777570810400715295e-01 6.031557742095916933e-38
4.842140470171636957e-01 5.920980241741826915e-38
4.907586148913794521e-01 4.981530300575296953e-38
4.973913572241379089e-01 4.093039115317135496e-38
5.041138008458899700e-01 3.613318562078940938e-38
5.109272817332803918e-01 3.573127537851159473e-38
5.178325633015344875e-01 4.005183111894564188e-38
5.248313632349095315e-01 5.022030411120375737e-38
5.319248266562439653e-01 6.598571100822120502e-38
5.391140986883757868e-01 7.781132605323019714e-38
5.464003244541433268e-01 7.209757035682632859e-38
5.537852216378039705e-01 5.774393340168248413e-38
5.612699353621957155e-01 4.774234142191434925e-38
5.688558016039633181e-01 4.474170684434587427e-38
5.743107850976157946e-01 4.691981864796043439e-38
5.798180625342134187e-01 5.317014307170775682e-38
5.853782064751754666e-01 6.419920324385955811e-38
5.909915986281144562e-01 7.937256988963611083e-38
5.966588115544497750e-01 9.291942550241141500e-38
6.023804178156003664e-01 9.459693966409220082e-38
6.081569899729852846e-01 8.346614263073487904e-38
6.139889097342173807e-01 6.946436086016407975e-38
6.198765588069093946e-01 5.934488796674124527e-38
6.258208914600932316e-01 5.452694505995448299e-38
6.318220985475750950e-01 5.494059792947535781e-38
6.378809434845805759e-01 6.096756906750863446e-38
6.439978079787223031e-01 7.370979867284358072e-38
6.501734554452258674e-01 9.320653858475770619e-38
6.564080767378975834e-01 1.122173451457534024e-37
6.627026261257693562e-01 1.146672444470056667e-37
6.690576761702601294e-01 9.891682051462185607e-38
6.754734177251765503e-01 8.079099720767244234e-38
6.819508050595503024e-01 6.926988784324903673e-38
6.884904107348004398e-01 6.550632228111186894e-38
6.950926164585398137e-01 6.946655423759018617e-38
7.017581856459937928e-01 8.227645304959749508e-38
7.084875000047751170e-01 1.050146617003293220e-37
7.152815138039159137e-01 1.306033390383165016e-37
7.221406087510284788e-01 1.362466587144742491e-37
7.290655482613386251e-01 1.160892273604374936e-37
7.360569048962652960e-01 9.305469312731631050e-38
7.431152512172277680e-01 7.967625131537794212e-38
7.502411597856449843e-01 7.703132990327426186e-38
7.574355848705487393e-01 8.533728468325470493e-38
7.630693983807692593e-01 1.006826332071694654e-37
7.687451997283911709e-01 1.243027854584337094e-37
7.744633706210271029e-01 1.504220615139838103e-37
7.802239110586771664e-01 1.623223973636879965e-37
7.860272027489538793e-01 1.494604910222299832e-37
7.918738182532764069e-01 1.250659501777872210e-37
7.977639484254512858e-01 1.046598972892055954e-37
8.036977841192846084e-01 9.308610408540753052e-38
8.096757070423894476e-01 9.039259319594205715e-38
8.156980989023783213e-01 9.662231553139317685e-38
8.217655322606703949e-01 1.130453099179740240e-37
8.278778162634592430e-01 1.406833034761180858e-37
8.340357143259704564e-01 1.730498421946525559e-37
8.402394173020103496e-01 1.875158121413511478e-37
8.464891160453852370e-01 1.696030968119226762e-37
8.527853831175143950e-01 1.390618821415434916e-37
8.591286002260102306e-01 1.158201494393252035e-37
8.655187673708730767e-01 1.045607245779629437e-37
8.719566479673284132e-01 1.049460462615696459e-37
8.784424328691823325e-01 1.175957617220686124e-37
8.849763129302413711e-01 1.446835371837355071e-37
8.915588607119246944e-01 1.842662871895431232e-37
8.981904579218449314e-01 2.143249016022370882e-37
9.048712954138085074e-01 2.035111000785527258e-37
9.116017548954281624e-01 1.666938896520677445e-37
9.183824089281229508e-01 1.359012883292169872e-37
9.252134483656992980e-01 1.207138449470285536e-37
9.320952549157699440e-01 1.209154712387557465e-37
9.390284011397539432e-01 1.372713332598427856e-37
9.460128870376514065e-01 1.724956642303783111e-37
9.517621671007254758e-01 2.121647850337863721e-37
9.575463734103651925e-01 2.421812553474856712e-37
9.633658876741834076e-01 2.369972556742893730e-37
9.692205190383734736e-01 2.030589253969665314e-37
9.751108400643546670e-01 1.676070208077607718e-37
9.810370416059333021e-01 1.441482355536041409e-37
9.869991236631094900e-01 1.342786429000963091e-37
9.929974679434957485e-01 1.374405330359554676e-37
9.990324561547049287e-01 1.546046049449417929e-37
1.005104088296737030e+00 1.879984462242580778e-37
1.011211982661979647e+00 2.350338399409652472e-37
1.017358047788495812e+00 2.731407555200336094e-37
1.023540947699641324e+00 2.675148918905845688e-37
1.029761064103029033e+00 2.260760048783612918e-37
1.036018969560077885e+00 1.848028858428906098e-37
1.042316000047432523e+00 1.595921346413545822e-37
1.048650056173222600e+00 1.515377728130640634e-37
1.055023046475512372e+00 1.601877242837608012e-37
1.061434970954301171e+00 1.875145727978686611e-37
1.067886020463395980e+00 2.353159308949051801e-37
1.074376004148990038e+00 2.903706192521754706e-37
1.080904922011083569e+00 3.086064406037978665e-37
1.087473919172514458e+00 2.702637988043512686e-37
1.094082995633283151e+00 2.177936647320718704e-37
1.100731960539583110e+00 1.823987301087070960e-37
1.107421959014252444e+00 1.686245979590264487e-37
1.114152036788259137e+00 1.755485515070255886e-37
1.120922957276829113e+00 2.052058426362639249e-37
1.127736056456606795e+00 2.603738199108919941e-37
1.134589044081915743e+00 3.252141777091388775e-37
1.140419055305084139e+00 3.453932959220025771e-37
1.146279030575852564e+00 3.126358122703183837e-37
1.152168969894221018e+00 2.591973228312236537e-37
1.158089064113995814e+00 2.166337581920727355e-37
1.164040076650402655e+00 1.933054160286700906e-37
1.170021053234409303e+00 1.886485415282363417e-37
1.176032948135047773e+00 2.026023459084437231e-37
1.182075952206124603e+00 2.375964793044033053e-37
1.188150065447639570e+00 2.947813791653318352e-37
1.194254906151980045e+00 3.584206635429023309e-37
1.200392001149596988e+00 3.818407010074776252e-37
1.206560014463845754e+00 3.414879831849347112e-37
1.212760091217564673e+00 2.793118581986575739e-37
1.218991086287915193e+00 2.327336457254804469e-37
1.225254908212961569e+00 2.097754571937668105e-37
1.231550030162252618e+00 2.093122603607815876e-37
1.237878933235270651e+00 2.319996892853659841e-37
1.244238945478727043e+00 2.813719320623612353e-37
1.250632929699717177e+00 3.546999836765940004e-37
1.257058977360177687e+00 4.162027800431147917e-37
1.263518042729139923e+00 4.061274687898462906e-37
1.270011080075635901e+00 3.386208273623700584e-37
1.276535990007795718e+00 2.745171873795826864e-37
1.283095062771295369e+00 2.378020840253854291e-37
1.289687916658522893e+00 2.290375159301403662e-37
1.296316078499928359e+00 2.477515730657859567e-37
1.302975922073191128e+00 2.976527030701842778e-37
1.309671073600632507e+00 3.783835108089198966e-37
1.316400960520833108e+00 4.531290884660727815e-37
1.323165010272373765e+00 4.467612078243200419e-37
1.329054949590742218e+00 3.809642643325372158e-37
1.334970081611551285e+00 3.132787038549142954e-37
1.340911933165252368e+00 2.688101612398891317e-37
1.346881076813263967e+00 2.500486561419624925e-37
1.352875985725135566e+00 2.556149927136762263e-37
1.358897995877512033e+00 2.870100164795330422e-37
1.364945962147554370e+00 3.478928400380261609e-37
1.371021983927133148e+00 4.327742542130617588e-37
1.377123961824377796e+00 5.001757762712433187e-37
1.383253995231159106e+00 4.883775312479391731e-37
1.389410939024638525e+00 4.125023597834248853e-37
1.395594984058622146e+00 3.368147337022852143e-37
1.401807084602142428e+00 2.897669615424825840e-37
1.408045904678554283e+00 2.731742410193245746e-37
1.414313925387340687e+00 2.857050735708041748e-37
1.420609047336631514e+00 3.300750785763518470e-37
1.426932033941652245e+00 4.095875544125946077e-37
1.433283076056209415e+00 5.062927138927132956e-37
1.439662937095528505e+00 5.507775862126201298e-37
1.446071044498189906e+00 4.953888681632381198e-37
1.452507016556581432e+00 4.020106233065925349e-37
1.458972952662572986e+00 3.322779321332584737e-37
1.465466944278100980e+00 2.990912951287986573e-37
1.471988991403164970e+00 3.004453563873814036e-37
1.478541002575829211e+00 3.375460804348254833e-37
1.485122023527061463e+00 4.155896693908991028e-37
1.491733008525893744e+00 5.250117839950660566e-37
1.498372049034262465e+00 5.972402784179503147e-37
1.505042007859263009e+00 5.534599572292596098e-37
1.511740976462831787e+00 4.486037600260645681e-37
1.517675957279503329e+00 3.734150247490405737e-37
1.523634985675777598e+00 3.316437970401532256e-37
1.529616916528816040e+00 3.220937156246282585e-37
1.535621940692425191e+00 3.442159184918751015e-37
1.541651012435637069e+00 4.017054573345524987e-37
1.547703940904644915e+00 4.964614890919966371e-37
1.553779962684223692e+00 6.033626878088669381e-37
1.559880032043404974e+00 6.457591556809392384e-37
1.566004912397414239e+00 5.807346062237751366e-37
1.572153076915800751e+00 4.755186399575798490e-37
1.578324907306176916e+00 3.946333195841841585e-37
1.584521930398993916e+00 3.528997452209879596e-37
1.590743001071413421e+00 3.482781769481016297e-37
1.596989073592467223e+00 3.809647914831081124e-37
1.603258048570285421e+00 4.560567844227968243e-37
1.609552979665769934e+00 5.715525299349705386e-37
1.615871958340856951e+00 6.792628829437933984e-37
1.622215938864578266e+00 6.819635220142550969e-37
1.628584921236934324e+00 5.794317550242335134e-37
1.634978905457924458e+00 4.687240095225616216e-37
1.641398082381355428e+00 3.989671838817333828e-37
1.647843024568646397e+00 3.740412848802572325e-37
1.654312014335539871e+00 3.916736465488025690e-37
1.660806960220099660e+00 4.557200963299976913e-37
1.667328053076131855e+00 5.702048381257522066e-37
1.673873956926992257e+00 7.030219853873858319e-37
1.680446007749325288e+00 7.462028216643649838e-37
1.687043060420292617e+00 6.511718089142727200e-37
1.693667023477958056e+00 5.224133808352802293e-37
1.700315988384257793e+00 4.356589602815269533e-37
1.706287994839364996e+00 4.023607403144267016e-37
1.712280040944141435e+00 4.082640298353854219e-37
1.718294035236649808e+00 4.550970676940599981e-37
1.724328069178827416e+00 5.483635697278102817e-37
1.730384051308737181e+00 6.808795519915613706e-37
1.736461981626379547e+00 7.914606498632416623e-37
1.742559951593690704e+00 7.811063242648574211e-37
1.748680060602540776e+00 6.638872370200861885e-37
1.754820972676285118e+00 5.411664287670357297e-37
1.760984023791568154e+00 4.621670781873693024e-37
1.767169023094584013e+00 4.310098535629344813e-37
1.773375016316300234e+00 4.449280700924980737e-37
1.779602957725749057e+00 5.070273793015381757e-37
1.785853038176736796e+00 6.228672662285272021e-37
1.792125066815456691e+00 7.723637761891157240e-37
1.798419043641909409e+00 8.603250038662088978e-37
1.804734968656094729e+00 7.955829200018306648e-37
1.811073986980850536e+00 6.517649906055808478e-37
1.817433999224306929e+00 5.337907354895610786e-37
1.823816913924527716e+00 4.707787686081515001e-37
1.830221967666287419e+00 4.604109951231319245e-37
1.836649923864811518e+00 5.021969411773470923e-37
1.843100019104874088e+00 6.029641761740838932e-37
1.849573016801701497e+00 7.595041774715468672e-37
1.856068916955293080e+00 9.007012627930794003e-37
1.862587910419455151e+00 8.905177089585282197e-37
1.869129042925156359e+00 7.446150463011996130e-37
1.875693077887621740e+00 5.998348720540315487e-37
1.882280969575883534e+00 5.146238303525839423e-37
1.888891954574715815e+00 4.906811467759995530e-37
1.894892970808391253e+00 5.196659608491495397e-37
1.900913072422703909e+00 6.016257016178739992e-37
1.906952068563846803e+00 7.402352901190130170e-37
1.913009768378014064e+00 9.029562295097446543e-37
1.919088462110881910e+00 9.793584202849062305e-37
1.925184332686323163e+00 8.923687497103148881e-37
1.931301197180464779e+00 7.331694339100271051e-37
1.937437147055243392e+00 6.052275666321510399e-37
1.943592182310659000e+00 5.357029950655616532e-37
1.949766302946711827e+00 5.218903030551355845e-37
1.955961417501465016e+00 5.628296405286601781e-37
1.962175617436855202e+00 6.651178300402286388e-37
1.968408902752882383e+00 8.291392065399050330e-37
1.974663181987609928e+00 9.978338218077021609e-37
1.980936546602974913e+00 1.031012987331239323e-36
1.987230905137040038e+00 8.946663850570965741e-37
1.993544349051742381e+00 7.242780382388123912e-37
1.999876878347081721e+00 6.079841890997679671e-37
2.006230401561121646e+00 5.576799634443554655e-37
2.012604918693861933e+00 5.689874305388476598e-37
2.018998521207239882e+00 6.449426007122470241e-37
2.025413117639317750e+00 7.933682340020600214e-37
2.031846799452032837e+00 9.895505757254243426e-37
2.038303383721512319e+00 1.105190638744178173e-36
2.044779053371628574e+00 1.015714031801721801e-36
2.051273808402382048e+00 8.255134455652738964e-37
2.057791465889899918e+00 6.747275381668572806e-37
2.064330117296118150e+00 5.982922777416937753e-37
2.070887854082973600e+00 5.920803651160388399e-37
